vt;im;temp;crc
0;0;0.0;0
79;6119;10.1;6360
79;6119;10.1;6360
79;6119;10.1;6360
79;6119;10.1;6360
79;6106;10.1;6347
79;6106;10.1;6347
79;6106;10.1;6347
79;6106;10.1;6347
79;6110;10.1;6351
79;6110;10.1;6351
79;6110;10.1;6351
79;6110;10.1;6351
79;6110;10.1;6351
79;6110;10.1;6351
79;6110;10.1;6351
79;6110;10.1;6351
78;6109;10.1;6349
78;6109;10.1;6349
78;6109;10.1;6349
78;6109;10.1;6349
78;6105;10.1;6345
78;6105;10.1;6345
78;6105;10.1;6345
78;6105;10.1;6345
78;6084;10.1;6324
78;6084;10.1;6324
78;6084;10.1;6324
78;6084;10.1;6324
78;6063;10.1;6303
78;6063;10.1;6303
78;6063;10.1;6303
78;6063;10.1;6303
78;6068;10.1;6308
78;6068;10.1;6308
78;6068;10.1;6308
78;6068;10.1;6308
78;6082;10.1;6322
78;6082;10.1;6322
78;6082;10.1;6322
78;6082;10.1;6322
78;6093;10.1;6333
78;6093;10.1;6333
78;6093;10.1;6333
78;6093;10.1;6333
78;6089;10.1;6329
78;6089;10.1;6329
78;6089;10.1;6329
78;6089;10.1;6329
78;6077;10.1;6317
78;6077;10.1;6317
78;6077;10.1;6317
78;6077;10.1;6317
78;6063;10.1;6303
78;6063;10.1;6303
78;6063;10.1;6303
78;6063;10.1;6303
78;6063;10.1;6303
78;6063;10.1;6303
78;6063;10.1;6303
78;6063;10.1;6303
78;6070;10.1;6310
78;6070;10.1;6310
78;6070;10.1;6310
78;6070;10.1;6310
78;6076;10.1;6316
78;6076;10.1;6316
78;6076;10.1;6316
78;6076;10.1;6316
77;6073;10.1;6312
77;6073;10.1;6312
77;6073;10.1;6312
77;6073;10.1;6312
77;6073;10.1;6312
77;6073;10.1;6312
77;6073;10.1;6312
77;6073;10.1;6312
77;6069;10.1;6308
77;6069;10.1;6308
77;6069;10.1;6308
77;6069;10.1;6308
77;6069;10.1;6308
77;6069;10.1;6308
77;6069;10.1;6308
77;6069;10.1;6308
76;6062;10.1;6300
76;6062;10.1;6300
76;6062;10.1;6300
76;6062;10.1;6300
76;6062;10.1;6300
76;6062;10.1;6300
76;6062;10.1;6300
76;6062;10.1;6300
76;6071;10.1;6309
76;6071;10.1;6309
76;6071;10.1;6309
76;6071;10.1;6309
75;6073;10.1;6310
75;6073;10.1;6310
75;6073;10.1;6310
75;6073;10.1;6310
75;6073;10.1;6310
75;6073;10.1;6310
75;6065;10.1;6302
75;6065;10.1;6302
75;6065;10.1;6302
75;6065;10.1;6302
75;6069;10.1;6306
75;6069;10.1;6306
75;6069;10.1;6306
75;6069;10.1;6306
74;6089;10.1;6325
74;6089;10.1;6325
74;6089;10.1;6325
74;6089;10.1;6325
74;6107;10.1;6343
74;6107;10.1;6343
74;6107;10.1;6343
74;6107;10.1;6343
74;6115;10.1;6351
74;6115;10.1;6351
74;6115;10.1;6351
74;6115;10.1;6351
73;6102;10.1;6337
73;6102;10.1;6337
73;6102;10.1;6337
73;6102;10.1;6337
73;6093;10.1;6328
73;6093;10.1;6328
73;6093;10.1;6328
73;6093;10.1;6328
73;6093;10.1;6328
73;6093;10.1;6328
73;6093;10.1;6328
73;6093;10.1;6328
72;6108;10.1;6342
72;6108;10.1;6342
72;6108;10.1;6342
72;6108;10.1;6342
72;6126;10.1;6360
72;6126;10.1;6360
72;6126;10.1;6360
72;6126;10.1;6360
72;6140;10.1;6374
72;6140;10.1;6374
72;6140;10.1;6374
72;6140;10.1;6374
72;6135;10.1;6369
72;6135;10.1;6369
72;6135;10.1;6369
72;6135;10.1;6369
72;6128;10.1;6362
72;6128;10.1;6362
72;6128;10.1;6362
72;6128;10.1;6362
72;6136;10.1;6370
72;6136;10.1;6370
72;6136;10.1;6370
72;6136;10.1;6370
72;6156;10.1;6390
72;6156;10.1;6390
72;6156;10.1;6390
72;6156;10.1;6390
72;6174;10.1;6408
72;6174;10.1;6408
72;6174;10.1;6408
72;6174;10.1;6408
72;6184;10.1;6418
72;6184;10.1;6418
72;6184;10.1;6418
72;6184;10.1;6418
72;6169;10.1;6403
72;6169;10.1;6403
72;6169;10.1;6403
72;6169;10.1;6403
72;6149;10.1;6383
72;6149;10.1;6383
72;6149;10.1;6383
72;6149;10.1;6383
72;6144;10.1;6378
72;6144;10.1;6378
72;6144;10.1;6378
72;6144;10.1;6378
72;6152;10.1;6386
72;6152;10.1;6386
72;6152;10.1;6386
72;6152;10.1;6386
72;6169;10.1;6403
72;6169;10.1;6403
72;6169;10.1;6403
72;6169;10.1;6403
72;6178;10.1;6412
72;6178;10.1;6412
72;6178;10.1;6412
72;6178;10.1;6412
72;6165;10.1;6399
72;6165;10.1;6399
72;6165;10.1;6399
72;6165;10.1;6399
73;6154;10.1;6389
73;6154;10.1;6389
73;6154;10.1;6389
73;6154;10.1;6389
73;6150;10.1;6385
73;6150;10.1;6385
73;6150;10.1;6385
73;6150;10.1;6385
72;6154;10.1;6388
72;6154;10.1;6388
72;6154;10.1;6388
72;6154;10.1;6388
72;6166;10.1;6400
72;6166;10.1;6400
72;6166;10.1;6400
72;6166;10.1;6400
72;6177;10.1;6411
72;6177;10.1;6411
72;6177;10.1;6411
72;6177;10.1;6411
73;6164;10.1;6399
73;6164;10.1;6399
73;6164;10.1;6399
73;6164;10.1;6399
73;6149;10.1;6384
73;6149;10.1;6384
73;6149;10.1;6384
73;6149;10.1;6384
72;6151;10.1;6385
72;6151;10.1;6385
72;6151;10.1;6385
72;6151;10.1;6385
73;6173;10.1;6408
73;6173;10.1;6408
73;6173;10.1;6408
73;6173;10.1;6408
72;6185;10.1;6419
72;6185;10.1;6419
72;6185;10.1;6419
72;6185;10.1;6419
72;6175;10.1;6409
72;6175;10.1;6409
72;6175;10.1;6409
72;6175;10.1;6409
73;6150;10.1;6385
73;6150;10.1;6385
73;6150;10.1;6385
73;6150;10.1;6385
72;6138;10.1;6372
72;6138;10.1;6372
72;6138;10.1;6372
72;6138;10.1;6372
73;6152;10.1;6387
73;6152;10.1;6387
73;6152;10.1;6387
73;6152;10.1;6387
73;6169;10.1;6404
73;6169;10.1;6404
73;6169;10.1;6404
73;6169;10.1;6404
73;6181;10.1;6416
73;6181;10.1;6416
73;6181;10.1;6416
73;6181;10.1;6416
73;6181;10.1;6416
73;6181;10.1;6416
73;6173;10.1;6408
73;6173;10.1;6408
73;6173;10.1;6408
73;6173;10.1;6408
72;6155;10.1;6389
72;6155;10.1;6389
72;6155;10.1;6389
72;6155;10.1;6389
73;6151;10.1;6386
73;6151;10.1;6386
73;6151;10.1;6386
73;6151;10.1;6386
72;6153;10.1;6387
72;6153;10.1;6387
72;6153;10.1;6387
72;6153;10.1;6387
72;6152;10.1;6386
72;6152;10.1;6386
72;6152;10.1;6386
72;6152;10.1;6386
73;6145;10.1;6380
73;6145;10.1;6380
73;6145;10.1;6380
73;6145;10.1;6380
72;6136;10.1;6370
72;6136;10.1;6370
72;6136;10.1;6370
72;6136;10.1;6370
72;6117;10.1;6351
72;6117;10.1;6351
72;6117;10.1;6351
72;6117;10.1;6351
72;6101;10.1;6335
72;6101;10.1;6335
72;6101;10.1;6335
72;6101;10.1;6335
72;6100;10.1;6334
72;6100;10.1;6334
72;6100;10.1;6334
72;6100;10.1;6334
72;6106;10.1;6340
72;6106;10.1;6340
72;6106;10.1;6340
72;6106;10.1;6340
72;6111;10.1;6345
72;6111;10.1;6345
72;6111;10.1;6345
72;6111;10.1;6345
72;6112;10.1;6346
72;6112;10.1;6346
72;6112;10.1;6346
72;6112;10.1;6346
72;6096;10.1;6330
72;6096;10.1;6330
72;6096;10.1;6330
72;6096;10.1;6330
72;6090;10.1;6324
72;6090;10.1;6324
72;6090;10.1;6324
72;6090;10.1;6324
72;6089;10.1;6323
72;6089;10.1;6323
72;6089;10.1;6323
72;6089;10.1;6323
72;6091;10.1;6325
72;6091;10.1;6325
72;6091;10.1;6325
72;6091;10.1;6325
72;6092;10.1;6326
72;6092;10.1;6326
72;6092;10.1;6326
72;6092;10.1;6326
72;6093;10.1;6327
72;6093;10.1;6327
72;6093;10.1;6327
72;6093;10.1;6327
72;6070;10.1;6304
72;6070;10.1;6304
72;6070;10.1;6304
72;6070;10.1;6304
72;6060;10.1;6294
72;6060;10.1;6294
72;6060;10.1;6294
72;6060;10.1;6294
72;6090;10.1;6324
72;6090;10.1;6324
72;6090;10.1;6324
72;6090;10.1;6324
72;6087;10.1;6321
72;6087;10.1;6321
72;6087;10.1;6321
72;6087;10.1;6321
72;6070;10.1;6304
72;6070;10.1;6304
72;6070;10.1;6304
72;6070;10.1;6304
72;6067;10.1;6301
72;6067;10.1;6301
72;6067;10.1;6301
72;6067;10.1;6301
72;6074;10.1;6308
72;6074;10.1;6308
72;6074;10.1;6308
72;6074;10.1;6308
72;6082;10.1;6316
72;6082;10.1;6316
72;6082;10.1;6316
72;6082;10.1;6316
72;6077;10.1;6311
72;6077;10.1;6311
72;6077;10.1;6311
72;6077;10.1;6311
72;6064;10.1;6298
72;6064;10.1;6298
72;6064;10.1;6298
72;6064;10.1;6298
72;6050;10.1;6284
72;6050;10.1;6284
72;6050;10.1;6284
72;6050;10.1;6284
72;6051;10.1;6285
72;6051;10.1;6285
72;6051;10.1;6285
72;6051;10.1;6285
72;6049;10.1;6283
72;6049;10.1;6283
72;6049;10.1;6283
72;6049;10.1;6283
72;6043;10.1;6277
72;6043;10.1;6277
72;6043;10.1;6277
72;6043;10.1;6277
72;6040;10.1;6274
72;6040;10.1;6274
72;6040;10.1;6274
72;6040;10.1;6274
72;6038;10.1;6272
72;6038;10.1;6272
72;6038;10.1;6272
72;6038;10.1;6272
72;6039;10.1;6273
72;6039;10.1;6273
72;6039;10.1;6273
72;6039;10.1;6273
72;6041;10.1;6275
72;6041;10.1;6275
72;6041;10.1;6275
72;6041;10.1;6275
72;6045;10.1;6279
72;6045;10.1;6279
72;6045;10.1;6279
72;6045;10.1;6279
72;6046;10.1;6280
72;6046;10.1;6280
72;6046;10.1;6280
72;6046;10.1;6280
72;6054;10.1;6288
72;6054;10.1;6288
72;6054;10.1;6288
72;6054;10.1;6288
72;6064;10.1;6298
72;6064;10.1;6298
72;6064;10.1;6298
72;6064;10.1;6298
72;6058;10.1;6292
72;6058;10.1;6292
72;6058;10.1;6292
72;6058;10.1;6292
72;6057;10.1;6291
72;6057;10.1;6291
72;6057;10.1;6291
72;6057;10.1;6291
72;6057;10.1;6291
72;6057;10.1;6291
72;6057;10.1;6291
72;6057;10.1;6291
72;6055;10.1;6289
72;6055;10.1;6289
72;6055;10.1;6289
72;6055;10.1;6289
72;6063;10.1;6297
72;6063;10.1;6297
72;6063;10.1;6297
72;6063;10.1;6297
72;6065;10.1;6299
72;6065;10.1;6299
72;6065;10.1;6299
72;6065;10.1;6299
72;6071;10.1;6305
72;6071;10.1;6305
72;6071;10.1;6305
72;6071;10.1;6305
71;6082;10.1;6315
71;6082;10.1;6315
71;6082;10.1;6315
71;6082;10.1;6315
72;6104;10.1;6338
72;6104;10.1;6338
72;6104;10.1;6338
72;6104;10.1;6338
71;6115;10.1;6348
71;6115;10.1;6348
71;6115;10.1;6348
71;6115;10.1;6348
71;6122;10.1;6355
71;6122;10.1;6355
71;6122;10.1;6355
71;6122;10.1;6355
71;6118;10.1;6351
71;6118;10.1;6351
71;6118;10.1;6351
71;6118;10.1;6351
71;6101;10.1;6334
71;6101;10.1;6334
71;6101;10.1;6334
71;6101;10.1;6334
71;6092;10.1;6325
71;6092;10.1;6325
71;6092;10.1;6325
71;6092;10.1;6325
71;6113;10.1;6346
71;6113;10.1;6346
71;6113;10.1;6346
71;6113;10.1;6346
71;6128;10.1;6361
71;6128;10.1;6361
71;6128;10.1;6361
71;6128;10.1;6361
71;6139;10.1;6372
71;6139;10.1;6372
71;6139;10.1;6372
71;6139;10.1;6372
71;6140;10.1;6373
71;6140;10.1;6373
72;6136;10.1;6370
72;6136;10.1;6370
72;6136;10.1;6370
72;6136;10.1;6370
72;6143;10.1;6377
72;6143;10.1;6377
72;6143;10.1;6377
72;6143;10.1;6377
72;6150;10.1;6384
72;6150;10.1;6384
72;6150;10.1;6384
72;6150;10.1;6384
72;6167;10.1;6401
72;6167;10.1;6401
72;6167;10.1;6401
72;6167;10.1;6401
72;6172;10.1;6406
72;6172;10.1;6406
72;6172;10.1;6406
72;6172;10.1;6406
72;6169;10.1;6403
72;6169;10.1;6403
72;6169;10.1;6403
72;6169;10.1;6403
72;6164;10.1;6398
72;6164;10.1;6398
72;6164;10.1;6398
72;6164;10.1;6398
72;6172;10.1;6406
72;6172;10.1;6406
72;6172;10.1;6406
72;6172;10.1;6406
72;6184;10.1;6418
72;6184;10.1;6418
72;6184;10.1;6418
72;6184;10.1;6418
72;6195;10.1;6429
72;6195;10.1;6429
72;6195;10.1;6429
72;6195;10.1;6429
72;6200;10.1;6434
72;6200;10.1;6434
72;6200;10.1;6434
72;6200;10.1;6434
72;6186;10.1;6420
72;6186;10.1;6420
72;6186;10.1;6420
72;6186;10.1;6420
72;6173;10.1;6407
72;6173;10.1;6407
72;6173;10.1;6407
72;6173;10.1;6407
72;6181;10.1;6415
72;6181;10.1;6415
72;6181;10.1;6415
72;6181;10.1;6415
72;6192;10.1;6426
72;6192;10.1;6426
72;6192;10.1;6426
72;6192;10.1;6426
72;6208;10.1;6442
72;6208;10.1;6442
72;6208;10.1;6442
72;6208;10.1;6442
72;6216;10.1;6450
72;6216;10.1;6450
72;6216;10.1;6450
72;6216;10.1;6450
72;6210;10.1;6444
72;6210;10.1;6444
72;6210;10.1;6444
72;6210;10.1;6444
72;6210;10.1;6444
72;6210;10.1;6444
72;6207;10.1;6441
72;6207;10.1;6441
72;6207;10.1;6441
72;6207;10.1;6441
72;6202;10.1;6436
72;6202;10.1;6436
72;6202;10.1;6436
72;6202;10.1;6436
72;6185;10.1;6419
72;6185;10.1;6419
72;6185;10.1;6419
72;6185;10.1;6419
72;6169;10.1;6403
72;6169;10.1;6403
72;6169;10.1;6403
72;6169;10.1;6403
72;6156;10.1;6390
72;6156;10.1;6390
72;6156;10.1;6390
72;6156;10.1;6390
72;6150;10.1;6384
72;6150;10.1;6384
72;6150;10.1;6384
72;6150;10.1;6384
72;6149;10.1;6383
72;6149;10.1;6383
72;6149;10.1;6383
72;6149;10.1;6383
72;6156;10.1;6390
72;6156;10.1;6390
72;6156;10.1;6390
72;6156;10.1;6390
72;6154;10.1;6388
72;6154;10.1;6388
72;6154;10.1;6388
72;6154;10.1;6388
72;6128;10.1;6362
72;6128;10.1;6362
72;6128;10.1;6362
72;6128;10.1;6362
72;6106;10.1;6340
72;6106;10.1;6340
72;6106;10.1;6340
72;6106;10.1;6340
72;6097;10.1;6331
72;6097;10.1;6331
72;6097;10.1;6331
72;6097;10.1;6331
73;6099;10.1;6334
73;6099;10.1;6334
73;6099;10.1;6334
73;6099;10.1;6334
73;6099;10.1;6334
73;6099;10.1;6334
73;6099;10.1;6334
73;6099;10.1;6334
73;6093;10.1;6328
73;6093;10.1;6328
73;6093;10.1;6328
73;6093;10.1;6328
73;6077;10.1;6312
73;6077;10.1;6312
73;6077;10.1;6312
73;6077;10.1;6312
73;6059;10.1;6294
73;6059;10.1;6294
73;6059;10.1;6294
73;6059;10.1;6294
73;6040;10.1;6275
73;6040;10.1;6275
73;6040;10.1;6275
73;6040;10.1;6275
73;6036;10.1;6271
73;6036;10.1;6271
73;6036;10.1;6271
73;6036;10.1;6271
73;6044;10.1;6279
73;6044;10.1;6279
73;6044;10.1;6279
73;6044;10.1;6279
73;6053;10.1;6288
73;6053;10.1;6288
73;6053;10.1;6288
73;6053;10.1;6288
73;6043;10.1;6278
73;6043;10.1;6278
73;6043;10.1;6278
73;6043;10.1;6278
73;6030;10.1;6265
73;6030;10.1;6265
73;6030;10.1;6265
73;6030;10.1;6265
73;6018;10.1;6253
73;6018;10.1;6253
73;6018;10.1;6253
73;6018;10.1;6253
73;6017;10.1;6252
73;6017;10.1;6252
73;6017;10.1;6252
73;6017;10.1;6252
74;6024;10.1;6260
74;6024;10.1;6260
74;6024;10.1;6260
74;6024;10.1;6260
74;6026;10.1;6262
74;6026;10.1;6262
74;6026;10.1;6262
74;6026;10.1;6262
74;6018;10.1;6254
74;6018;10.1;6254
74;6018;10.1;6254
74;6018;10.1;6254
74;6002;10.1;6238
74;6002;10.1;6238
74;6002;10.1;6238
74;6002;10.1;6238
74;5991;10.1;6227
74;5991;10.1;6227
74;5991;10.1;6227
74;5991;10.1;6227
74;5988;10.1;6224
74;5988;10.1;6224
74;5988;10.1;6224
74;5988;10.1;6224
74;5992;10.1;6228
74;5992;10.1;6228
74;5992;10.1;6228
74;5992;10.1;6228
74;5992;10.1;6228
74;5992;10.1;6228
74;5992;10.1;6228
74;5992;10.1;6228
74;5982;10.1;6218
74;5982;10.1;6218
74;5982;10.1;6218
74;5982;10.1;6218
73;5978;10.1;6213
73;5978;10.1;6213
73;5978;10.1;6213
73;5978;10.1;6213
74;5980;10.1;6216
74;5980;10.1;6216
74;5980;10.1;6216
74;5980;10.1;6216
74;5982;10.1;6218
74;5982;10.1;6218
74;5982;10.1;6218
74;5982;10.1;6218
74;5980;10.1;6216
74;5980;10.1;6216
74;5980;10.1;6216
74;5980;10.1;6216
74;5972;10.1;6208
74;5972;10.1;6208
74;5972;10.1;6208
74;5972;10.1;6208
74;5970;10.1;6206
74;5970;10.1;6206
74;5970;10.1;6206
74;5970;10.1;6206
74;5970;10.1;6206
74;5970;10.1;6206
73;5972;10.1;6207
73;5972;10.1;6207
73;5972;10.1;6207
73;5972;10.1;6207
73;5969;10.1;6204
73;5969;10.1;6204
73;5969;10.1;6204
73;5969;10.1;6204
73;5975;10.1;6210
73;5975;10.1;6210
73;5975;10.1;6210
73;5975;10.1;6210
73;5970;10.1;6205
73;5970;10.1;6205
73;5970;10.1;6205
73;5970;10.1;6205
73;5977;10.1;6212
73;5977;10.1;6212
73;5977;10.1;6212
73;5977;10.1;6212
73;5992;10.1;6227
73;5992;10.1;6227
73;5992;10.1;6227
73;5992;10.1;6227
73;5994;10.1;6229
73;5994;10.1;6229
73;5994;10.1;6229
73;5994;10.1;6229
72;5987;10.1;6221
72;5987;10.1;6221
72;5987;10.1;6221
72;5987;10.1;6221
72;5988;10.1;6222
72;5988;10.1;6222
72;5988;10.1;6222
72;5988;10.1;6222
72;5998;10.1;6232
72;5998;10.1;6232
72;5998;10.1;6232
72;5998;10.1;6232
72;6016;10.1;6250
72;6016;10.1;6250
72;6016;10.1;6250
72;6016;10.1;6250
72;6031;10.1;6265
72;6031;10.1;6265
72;6031;10.1;6265
72;6031;10.1;6265
72;6037;10.1;6271
72;6037;10.1;6271
72;6037;10.1;6271
72;6037;10.1;6271
72;6033;10.1;6267
72;6033;10.1;6267
72;6033;10.1;6267
72;6033;10.1;6267
72;6033;10.1;6267
72;6033;10.1;6267
72;6033;10.1;6267
72;6033;10.1;6267
72;6032;10.1;6266
72;6032;10.1;6266
72;6032;10.1;6266
72;6032;10.1;6266
72;6043;10.1;6277
72;6043;10.1;6277
72;6043;10.1;6277
72;6043;10.1;6277
72;6059;10.1;6293
72;6059;10.1;6293
72;6059;10.1;6293
72;6059;10.1;6293
72;6069;10.1;6303
72;6069;10.1;6303
72;6069;10.1;6303
72;6069;10.1;6303
72;6069;10.1;6303
72;6069;10.1;6303
72;6069;10.1;6303
72;6069;10.1;6303
72;6076;10.1;6310
72;6076;10.1;6310
72;6076;10.1;6310
72;6076;10.1;6310
73;6066;10.1;6301
73;6066;10.1;6301
73;6066;10.1;6301
73;6066;10.1;6301
73;6062;10.1;6297
73;6062;10.1;6297
73;6062;10.1;6297
73;6062;10.1;6297
73;6065;10.1;6300
73;6065;10.1;6300
73;6065;10.1;6300
73;6065;10.1;6300
73;6068;10.1;6303
73;6068;10.1;6303
73;6068;10.1;6303
73;6068;10.1;6303
73;6075;10.1;6310
73;6075;10.1;6310
73;6075;10.1;6310
73;6075;10.1;6310
73;6085;10.1;6320
73;6085;10.1;6320
73;6085;10.1;6320
73;6085;10.1;6320
74;6092;10.1;6328
74;6092;10.1;6328
74;6092;10.1;6328
74;6092;10.1;6328
74;6092;10.1;6328
74;6092;10.1;6328
74;6092;10.1;6328
74;6092;10.1;6328
74;6095;10.1;6331
74;6095;10.1;6331
74;6095;10.1;6331
74;6095;10.1;6331
74;6099;10.1;6335
74;6099;10.1;6335
74;6099;10.1;6335
74;6099;10.1;6335
75;6104;10.1;6341
75;6104;10.1;6341
75;6104;10.1;6341
75;6104;10.1;6341
75;6114;10.1;6351
75;6114;10.1;6351
75;6114;10.1;6351
75;6114;10.1;6351
75;6130;10.1;6367
75;6130;10.1;6367
75;6130;10.1;6367
75;6130;10.1;6367
76;6131;10.1;6369
76;6131;10.1;6369
76;6131;10.1;6369
76;6131;10.1;6369
76;6133;10.1;6371
76;6133;10.1;6371
76;6133;10.1;6371
76;6133;10.1;6371
77;6118;10.1;6357
77;6118;10.1;6357
77;6118;10.1;6357
77;6118;10.1;6357
77;6104;10.1;6343
77;6104;10.1;6343
77;6104;10.1;6343
77;6104;10.1;6343
77;6115;10.1;6354
77;6115;10.1;6354
77;6115;10.1;6354
77;6115;10.1;6354
78;6145;10.1;6385
78;6145;10.1;6385
78;6145;10.1;6385
78;6145;10.1;6385
78;6145;10.1;6385
78;6145;10.1;6385
78;6152;10.1;6392
78;6152;10.1;6392
78;6152;10.1;6392
78;6152;10.1;6392
78;6158;10.1;6398
78;6158;10.1;6398
78;6158;10.1;6398
78;6158;10.1;6398
78;6138;10.1;6378
78;6138;10.1;6378
78;6138;10.1;6378
78;6138;10.1;6378
77;6115;10.1;6354
77;6115;10.1;6354
77;6115;10.1;6354
77;6115;10.1;6354
77;6107;10.1;6346
77;6107;10.1;6346
77;6107;10.1;6346
77;6107;10.1;6346
77;6123;10.1;6362
77;6123;10.1;6362
77;6123;10.1;6362
77;6123;10.1;6362
77;6135;10.1;6374
77;6135;10.1;6374
77;6135;10.1;6374
77;6135;10.1;6374
77;6145;10.1;6384
77;6145;10.1;6384
77;6145;10.1;6384
77;6145;10.1;6384
77;6131;10.1;6370
77;6131;10.1;6370
77;6131;10.1;6370
77;6131;10.1;6370
78;6110;10.1;6350
78;6110;10.1;6350
78;6110;10.1;6350
78;6110;10.1;6350
77;6106;10.1;6345
77;6106;10.1;6345
77;6106;10.1;6345
77;6106;10.1;6345
77;6113;10.1;6352
77;6113;10.1;6352
77;6113;10.1;6352
77;6113;10.1;6352
77;6127;10.1;6366
77;6127;10.1;6366
77;6127;10.1;6366
77;6127;10.1;6366
77;6143;10.1;6382
77;6143;10.1;6382
77;6143;10.1;6382
77;6143;10.1;6382
